1116155
1343223
1574268
1606252
1681908
1705661
1711264
1780641
1920872
1945313
1970105
1972472
2037720
2093493
2158393
2160885
2160886
2186102
2356369
2384820
2392455
2392469
2396607
2396645
2398621
2409956
2448884
2455460
2492545
2551386
2551400
2703787
2739155
2745323
2745326
2769704
2792579
2795619
2796730
2848227
2850806
2863187
2867173
2907474
2921680
2942949
2978108
3010708
3027969
3044161
3054928
3060324
3074980
3075503
3076168
3076231
3080627
3088004
3095940
3117831
3134735
3134753
3135592
3148002
3182406
3271252
3274626
3290710
3296204
3306719
3328930
3331513
3405560
3408659
3435636
3438676
3438764
3466541
3466870
3467246
3468295
3488374
3493138
3493561
3508096
3513778
3529877
3530462
3534678
3577044
3577504
3609512
3612113
3633712
3634993
3675638
3680127
3706853
3709407
3711009
3730404
3730408
3730409
3733978
3753644
3753649
3753651
3758439
3758440
3758451
3766768
3774987
3774988
3774997
3779131
3781419
3782367
3783170
3783380
3785645
3786401
3787078
3787856
3790869
3791023
3791932
3793222
3794579
3794783
3794839
3796702
3797057
3805601
3812607
3813143
3816971
3822409
3823286
3823322
3823843
